Class 1 -> {9 26 47 28 29 71 30 23 31 32 33 66 34 84 35 36 37 38 39 40 58 41 93 42 43 54 44 52 45 100 }
Class 2 -> {47 28 71 46 29 30 68 31 32 33 19 34 63 35 36 37 38 12 39 40 41 92 93 42 43 96 44 52 45 100 }
Class 3 -> {29 30 68 47 31 32 22 78 33 34 35 36 37 84 85 38 39 40 41 12 42 43 54 44 7 6 45 46 99 1 }
Class 4 -> {40 100 8 96 37 36 35 34 33 7 45 20 81 22 76 74 44 28 68 67 66 65 31 32 56 39 52 5 43 73 }
Class 5 -> {38 3 6 37 13 33 32 31 8 92 65 81 7 46 36 35 94 34 45 28 73 89 78 75 64 56 39 4 43 51 }
Class 6 -> {26 72 73 27 28 68 29 21 30 31 32 82 33 34 85 35 36 88 13 37 38 39 40 41 95 42 43 44 45 100 }
Class 7 -> {39 40 38 34 35 42 43 44 29 28 81 80 83 33 15 78 19 62 89 55 63 32 8 41 31 30 25 98 99 46 }
Class 8 -> {40 23 30 29 86 28 93 94 95 24 81 1 80 79 76 75 55 49 46 45 42 41 27 26 25 19 15 11 7 100 }
Class 9 -> {28 27 29 30 31 32 33 34 79 80 35 19 36 17 37 86 38 39 13 40 41 10 42 43 44 45 46 47 99 49 }
Class 10 -> {48 28 73 47 70 29 77 30 31 32 33 19 34 35 85 36 37 14 38 90 39 58 40 41 42 43 44 45 46 26 }
Class 11 -> {33 31 38 36 43 44 32 37 39 8 93 3 85 83 68 17 87 58 19 62 78 54 22 23 41 45 26 27 29 46 }
Class 12 -> {48 49 27 28 29 30 31 32 33 34 35 36 17 37 38 86 39 40 41 42 43 44 7 45 46 47 3 98 99 100 }
Class 13 -> {27 72 28 29 30 31 77 32 33 34 81 82 19 35 36 37 15 14 38 39 91 40 41 42 43 6 44 45 46 100 }
Class 14 -> {38 42 43 40 37 100 44 45 46 30 29 82 17 59 61 86 36 88 35 34 91 9 41 33 32 49 97 31 26 13 }
Class 15 -> {36 4 99 35 49 93 34 10 52 33 32 31 17 84 83 56 19 79 2 78 20 8 76 75 57 73 45 42 58 43 }
Class 16 -> {47 28 73 29 30 31 32 33 66 34 20 35 36 37 15 38 39 40 41 42 56 43 44 45 5 52 2 98 99 51 }
Class 17 -> {37 39 36 43 34 31 44 42 45 46 55 99 32 88 29 40 87 38 11 10 41 62 21 33 95 23 66 49 26 47 }
Class 18 -> {27 100 72 29 30 69 31 32 33 34 35 36 37 16 38 86 14 13 39 40 10 41 42 43 44 45 97 46 47 50 }
Class 19 -> {44 38 32 33 3 94 36 11 4 35 97 34 8 46 15 81 79 78 20 74 45 92 7 25 26 64 60 58 56 100 }
Class 20 -> {28 27 29 30 31 76 32 78 33 34 35 36 17 16 37 38 39 40 41 42 56 43 44 45 5 96 52 98 46 49 }
Class 21 -> {49 28 27 26 29 30 31 32 33 34 35 36 37 84 85 38 87 39 60 40 41 42 43 8 44 6 45 46 47 25 }
Class 22 -> {10 47 48 27 28 29 30 31 32 67 81 33 34 35 36 37 38 39 40 41 42 56 43 44 45 5 4 46 99 75 }
Class 23 -> {35 100 41 33 38 34 39 42 6 32 31 43 94 30 49 99 54 27 89 11 87 40 26 14 79 62 74 66 29 84 }
Class 24 -> {9 26 47 46 73 72 28 70 29 30 31 32 33 34 35 36 61 37 38 58 39 40 41 94 42 43 44 45 50 74 }
Class 25 -> {24 48 28 27 29 30 70 31 68 80 32 19 33 34 85 35 36 37 38 39 40 41 42 8 43 44 45 46 52 100 }
Class 26 -> {39 31 38 43 36 32 35 44 42 45 33 10 11 46 40 100 87 13 14 59 17 41 79 21 95 6 23 34 66 85 }
Class 27 -> {35 41 38 44 37 100 63 34 79 80 33 36 75 29 15 14 46 32 31 67 43 92 8 94 7 28 5 4 45 30 }
Class 28 -> {40 29 32 25 27 89 41 96 97 42 43 35 33 34 23 81 31 79 19 75 74 92 26 94 5 64 70 69 68 45 }
Class 29 -> {28 30 31 68 32 66 33 34 35 19 62 17 36 84 37 86 38 39 12 11 10 40 41 42 95 43 44 45 46 100 }
Class 30 -> {37 31 36 43 35 40 44 42 5 33 98 32 89 13 15 39 27 16 38 56 20 34 64 65 2 75 4 73 45 100 }
Class 31 -> {46 25 73 45 26 27 77 28 68 29 81 30 32 33 34 35 36 60 37 38 39 56 40 41 42 96 43 44 50 74 }
Class 32 -> {7 40 100 31 38 37 36 35 34 33 15 47 18 82 16 81 80 20 22 67 30 65 64 56 39 52 97 4 44 73 }
Class 33 -> {35 30 39 32 38 100 29 2 92 94 50 41 48 87 28 56 37 15 68 19 52 79 73 42 26 70 66 47 3 58 }
Class 34 -> {11 10 37 36 8 92 83 33 9 17 43 80 77 76 73 24 68 28 61 60 32 57 35 53 38 50 97 48 46 72 }
Class 35 -> {36 34 40 32 33 38 31 42 43 2 56 3 30 15 5 27 37 51 81 80 20 65 66 73 44 68 4 98 39 16 }
Class 36 -> {100 71 28 29 30 31 32 65 33 63 34 35 37 38 39 40 12 11 89 41 55 42 43 52 44 45 3 98 99 47 }
Class 37 -> {47 27 28 29 30 68 67 66 65 31 81 82 32 33 34 35 36 88 38 39 11 40 41 42 43 44 5 4 45 51 }
Class 38 -> {40 100 42 43 35 28 18 17 33 15 14 82 67 20 85 60 87 10 32 90 91 72 31 30 95 29 97 50 26 13 }
Class 39 -> {33 34 43 36 100 20 32 78 75 80 81 17 16 66 35 86 13 31 37 90 55 45 30 41 64 29 4 98 44 28 }
Class 40 -> {25 26 73 27 22 28 77 29 30 31 32 82 33 84 34 61 87 88 35 36 37 38 9 39 41 42 43 44 45 100 }
Class 41 -> {3 32 11 87 95 90 7 92 6 8 83 42 82 80 85 15 77 88 17 74 70 21 26 29 60 55 2 47 46 51 }
Class 42 -> {48 100 26 27 28 29 30 31 32 33 34 17 35 15 36 86 37 38 39 90 91 40 41 43 56 44 45 46 47 49 }
Class 43 -> {37 3 5 23 8 36 6 97 7 33 98 32 31 15 46 81 22 75 89 73 28 65 34 35 56 4 39 52 44 51 }
Class 44 -> {39 37 38 34 36 41 42 29 28 33 81 16 83 35 32 20 31 56 89 90 22 65 73 52 30 5 4 43 99 100 }
Class 45 -> {31 98 10 43 11 8 46 96 91 92 81 49 41 83 2 28 80 79 52 55 19 73 70 94 69 68 30 25 3 27 }
Class 46 -> {39 40 85 3 87 95 81 90 8 7 63 28 80 2 15 11 55 57 89 58 32 41 71 94 30 24 25 45 27 72 }
Class 47 -> {42 40 38 39 44 30 29 35 18 36 81 16 37 62 34 12 87 88 56 22 9 41 33 32 5 31 97 3 99 100 }
Class 48 -> {12 9 25 47 27 28 29 30 31 32 33 34 35 36 64 37 38 39 60 40 41 57 8 42 43 44 97 53 45 100 }
Class 49 -> {12 8 25 50 27 28 29 30 31 32 33 34 35 17 36 37 38 39 40 90 41 59 9 42 43 44 45 46 47 100 }
Class 50 -> {26 72 69 74 27 28 77 29 30 31 18 32 33 61 60 86 34 88 35 36 56 37 38 39 40 96 41 42 43 24 }
Class 51 -> {40 39 31 55 34 33 89 35 36 27 86 60 80 28 5 74 22 44 64 46 45 94 67 37 56 81 75 65 66 100 }
Class 52 -> {36 33 29 37 100 42 31 26 79 80 78 30 28 32 67 63 34 35 89 19 91 64 38 94 39 65 97 41 27 85 }
Class 53 -> {11 8 24 100 26 27 28 29 30 69 31 32 33 34 35 36 37 38 60 39 91 40 41 42 43 44 97 45 46 48 }
Class 54 -> {9 47 48 27 28 29 30 31 32 33 34 35 36 84 63 37 38 39 40 11 58 41 93 42 43 44 45 46 3 1 }
Class 55 -> {47 28 27 71 29 30 31 32 33 80 34 19 35 63 36 15 37 38 39 58 40 41 93 42 7 43 44 51 45 100 }
Class 56 -> {38 33 12 8 34 39 91 92 47 97 35 72 65 81 80 31 75 74 73 45 22 28 24 67 5 96 66 4 41 16 }
Class 57 -> {29 25 30 31 6 33 34 35 36 37 5 4 39 40 41 42 3 44 45 46 9 48 91 80 70 32 38 60 43 50 }
Class 58 -> {39 37 36 42 43 38 7 30 35 34 33 32 6 31 93 14 45 87 85 84 16 78 70 27 66 63 54 40 41 1 }
Class 59 -> {11 8 24 48 26 27 72 28 29 30 31 32 33 34 35 14 36 37 38 90 91 39 40 41 42 43 44 45 46 100 }
Class 60 -> {25 46 73 45 28 29 24 30 31 32 33 34 35 64 36 37 61 13 59 38 57 39 40 41 53 42 97 43 44 50 }
Class 61 -> {10 26 48 28 29 72 30 24 70 69 31 20 32 33 34 35 36 37 13 38 39 40 41 42 7 43 44 45 46 100 }
Class 62 -> {48 27 28 29 30 23 22 78 79 31 32 33 83 34 17 35 36 14 37 38 11 39 40 41 42 43 44 45 46 100 }
Class 63 -> {9 25 47 28 46 29 71 30 31 32 33 34 35 36 37 15 38 39 40 41 42 43 93 55 7 54 44 52 45 100 }
Class 64 -> {7 32 39 94 15 38 37 4 36 35 9 17 45 19 81 75 68 30 66 65 33 34 40 41 52 51 5 2 47 73 }
Class 65 -> {28 16 43 99 4 46 90 80 81 79 32 31 75 51 20 73 36 37 56 39 68 44 67 94 5 66 64 98 63 100 }
Class 66 -> {34 28 9 6 92 93 96 3 51 27 80 79 78 52 75 74 17 30 37 20 56 22 67 39 95 65 4 98 58 81 }
Class 67 -> {38 13 36 35 34 7 4 32 99 31 86 91 45 15 82 81 16 79 20 65 62 30 33 39 5 2 49 98 41 73 }
Class 68 -> {37 7 6 38 31 8 36 35 34 3 9 18 70 19 24 75 46 66 29 64 32 56 52 2 96 73 94 74 33 100 }
Class 69 -> {46 47 26 72 27 28 77 29 30 31 19 32 33 34 35 61 13 36 37 38 91 39 40 41 42 43 44 45 99 50 }
Class 70 -> {36 42 43 38 5 29 91 35 34 33 32 31 94 95 30 10 12 45 86 80 77 74 72 69 68 24 28 41 49 100 }
Class 71 -> {4 39 37 3 36 43 44 38 24 29 94 35 34 33 32 99 5 31 30 9 46 84 93 78 69 63 55 52 41 1 }
Class 72 -> {9 25 48 27 28 29 24 30 31 32 33 34 35 36 16 37 38 13 61 39 40 92 41 57 42 43 44 45 46 50 }
Class 73 -> {81 50 68 67 75 66 64 78 56 45 41 33 32 31 28 26 22 21 20 19 16 15 13 12 7 96 5 98 4 100 }
Class 74 -> {44 34 3 37 43 35 36 5 32 6 30 29 42 100 92 11 46 13 77 75 23 68 28 94 31 96 33 40 41 73 }
Class 75 -> {32 29 28 38 39 89 35 45 44 8 100 64 81 79 78 52 51 19 76 20 73 22 68 94 67 5 66 98 65 56 }
Class 76 -> {42 40 38 39 36 41 100 43 44 37 30 35 34 15 67 14 87 13 57 56 20 33 8 32 31 65 45 98 66 85 }
Class 77 -> {43 42 3 41 38 37 44 45 39 47 29 36 4 5 33 32 31 30 12 74 90 18 24 72 70 69 34 35 40 50 }
Class 78 -> {43 39 33 32 5 56 37 46 79 58 94 19 52 17 4 36 35 34 44 11 45 15 8 81 80 75 74 25 51 23 }
Class 79 -> {41 4 40 3 6 33 34 10 39 5 38 37 36 7 35 13 73 14 19 22 75 92 49 27 28 56 42 45 2 100 }
Class 80 -> {47 30 28 46 31 25 32 33 66 34 35 36 37 38 60 39 40 88 57 56 41 42 9 8 7 43 44 45 2 100 }
Class 81 -> {31 41 35 27 36 42 37 94 89 34 5 13 65 15 66 56 33 78 76 51 75 39 30 73 45 64 4 98 67 43 }
Class 82 -> {47 26 27 69 28 29 30 31 32 33 34 35 36 14 85 13 59 88 37 90 91 38 39 40 41 42 43 44 45 100 }
Class 83 -> {47 48 27 71 28 29 30 31 32 33 34 63 35 84 36 15 37 38 39 40 91 41 42 8 43 44 5 45 46 100 }
Class 84 -> {40 38 9 43 44 39 32 37 5 29 80 36 60 16 35 34 6 27 11 33 91 19 1 93 71 63 58 54 42 46 }
Class 85 -> {37 40 38 32 39 30 36 31 43 44 4 87 45 35 29 17 34 88 62 21 77 10 41 42 66 6 46 72 26 47 }
Class 86 -> {28 40 43 36 35 37 41 38 46 34 42 33 32 94 31 30 29 44 92 26 91 90 11 14 82 59 16 79 24 13 }
Class 87 -> {34 29 35 28 39 33 43 32 51 95 44 42 91 31 30 40 38 13 88 85 58 41 15 94 79 6 17 21 23 100 }
Class 88 -> {42 41 39 43 37 45 40 4 30 99 36 35 34 3 32 31 95 9 23 10 87 85 14 6 26 27 67 33 38 47 }
Class 89 -> {47 27 28 29 30 22 31 65 32 33 62 81 34 35 36 85 37 38 39 40 41 42 7 43 44 4 97 98 45 100 }
Class 90 -> {70 27 28 49 67 29 30 31 19 79 32 33 82 34 35 36 86 13 37 89 38 39 40 41 7 42 43 44 45 100 }
Class 91 -> {35 100 41 43 37 42 39 34 33 32 49 31 96 6 30 29 92 28 90 26 38 86 12 13 69 82 59 18 74 14 }
Class 92 -> {100 70 25 45 74 27 76 28 29 30 19 31 32 33 34 35 36 37 38 39 56 40 41 94 42 43 44 2 99 46 }
Class 93 -> {46 71 27 45 28 29 30 31 32 19 80 33 63 83 84 34 35 36 37 58 11 38 39 55 40 41 42 43 44 100 }
Class 94 -> {85 87 92 11 46 8 7 5 83 41 62 2 79 78 52 18 75 74 31 55 45 56 23 68 67 96 66 4 64 33 }
Class 95 -> {47 48 26 27 28 29 30 21 31 32 33 34 35 36 37 85 38 87 88 39 40 10 41 42 43 6 44 45 46 100 }
Class 96 -> {42 40 37 39 35 38 43 44 36 100 34 33 59 32 68 56 31 30 11 41 74 8 92 51 45 5 4 98 29 70 }
Class 97 -> {26 31 32 33 6 35 36 37 5 4 38 39 40 41 42 43 7 3 44 45 46 10 50 89 86 34 61 60 53 48 }
Class 98 -> {100 27 28 29 67 75 30 65 20 31 80 81 32 33 34 35 36 37 38 56 39 40 92 41 42 51 43 4 44 46 }
Class 99 -> {38 43 44 39 32 33 6 91 37 88 7 35 34 9 13 24 84 12 79 22 23 25 30 66 36 58 56 51 3 47 }
Class 100 -> {27 25 45 73 68 28 76 66 29 79 80 30 31 62 32 33 34 35 36 37 38 39 92 40 52 41 42 43 44 46 }
