Class 1 -> {69 72 67 68 64 70 73 62 74 65 }
Class 2 -> {67 70 65 66 62 69 72 60 73 64 }
Class 3 -> {66 69 64 65 62 67 70 60 71 63 }
Class 4 -> {64 70 62 63 60 69 71 59 72 61 }
Class 5 -> {63 67 61 62 59 66 68 58 69 60 }
Class 6 -> {65 67 63 64 61 66 69 59 70 62 }
Class 7 -> {65 67 61 64 59 66 68 58 69 60 }
Class 8 -> {52 2 59 58 57 56 87 54 53 61 }
Class 9 -> {67 68 64 65 66 62 71 70 61 69 }
Class 10 -> {66 68 64 65 62 67 69 60 71 63 }
Class 11 -> {66 69 64 65 61 67 70 60 71 63 }
Class 12 -> {68 69 65 66 67 63 72 71 62 70 }
Class 13 -> {66 68 64 65 62 67 69 60 70 63 }
Class 14 -> {67 69 65 66 63 68 70 60 71 64 }
Class 15 -> {62 60 69 68 67 66 65 64 63 71 }
Class 16 -> {69 71 67 68 64 70 72 62 74 65 }
Class 17 -> {68 70 65 67 63 69 71 60 72 64 }
Class 18 -> {67 70 65 66 63 68 71 61 73 64 }
Class 19 -> {66 68 63 65 61 67 69 59 70 62 }
Class 20 -> {68 70 66 67 64 69 71 62 72 65 }
Class 21 -> {68 69 65 66 67 63 72 71 62 70 }
Class 22 -> {68 70 65 66 63 69 71 61 72 64 }
Class 23 -> {65 68 63 64 60 67 69 59 70 61 }
Class 24 -> {67 69 65 66 63 68 71 60 75 64 }
Class 25 -> {67 71 65 66 63 69 72 61 73 64 }
Class 26 -> {67 69 64 65 62 68 70 60 71 63 }
Class 27 -> {66 69 64 65 61 68 70 59 71 62 }
Class 28 -> {57 55 65 63 62 61 60 59 58 67 }
Class 29 -> {67 70 64 65 61 69 71 59 72 63 }
Class 30 -> {68 70 66 67 62 69 71 60 72 63 }
Class 31 -> {66 69 64 65 62 67 70 61 71 63 }
Class 32 -> {68 70 63 66 61 69 71 60 72 62 }
Class 33 -> {63 61 74 72 71 69 67 65 64 76 }
Class 34 -> {62 58 70 69 67 66 65 64 63 74 }
Class 35 -> {67 70 63 64 61 69 71 60 72 62 }
Class 36 -> {68 70 66 67 62 69 72 60 73 64 }
Class 37 -> {69 71 63 64 61 70 72 59 73 62 }
Class 38 -> {64 66 62 63 59 65 68 58 69 61 }
Class 39 -> {63 67 61 62 59 65 68 58 69 60 }
Class 40 -> {66 68 64 65 62 67 69 59 70 63 }
Class 41 -> {58 57 66 65 64 63 62 61 59 68 }
Class 42 -> {68 69 65 66 67 63 72 71 62 70 }
Class 43 -> {66 68 63 64 61 67 69 60 70 62 }
Class 44 -> {66 68 63 64 61 67 69 60 70 62 }
Class 45 -> {59 58 66 65 64 63 62 61 60 71 }
Class 46 -> {60 56 68 67 66 65 64 62 61 70 }
Class 47 -> {67 69 65 66 63 68 70 60 71 64 }
Class 48 -> {70 72 68 69 66 71 73 63 74 67 }
Class 49 -> {69 70 66 67 68 64 73 72 63 71 }
Class 50 -> {65 67 63 64 59 66 68 58 70 62 }
Class 51 -> {59 58 71 70 69 68 63 62 61 73 }
Class 52 -> {61 66 59 60 57 62 68 56 69 58 }
Class 53 -> {68 70 65 66 67 63 73 72 62 71 }
Class 54 -> {69 70 66 67 68 64 73 72 62 71 }
Class 55 -> {68 70 66 67 64 69 72 61 73 65 }
Class 56 -> {58 55 68 64 63 62 61 60 59 70 }
Class 57 -> {68 69 65 66 67 63 73 72 62 71 }
Class 58 -> {65 68 62 64 60 67 69 59 71 61 }
Class 59 -> {68 69 65 66 67 63 73 71 62 70 }
Class 60 -> {70 72 68 69 66 71 74 63 75 67 }
Class 61 -> {68 71 65 66 67 63 75 74 62 73 }
Class 62 -> {68 69 65 66 67 63 72 71 61 70 }
Class 63 -> {69 72 67 68 65 70 73 62 74 66 }
Class 64 -> {69 71 63 67 61 70 72 60 74 62 }
Class 65 -> {57 55 70 69 62 61 60 59 58 72 }
Class 66 -> {54 53 63 62 61 60 59 57 55 68 }
Class 67 -> {59 57 69 68 66 64 63 61 60 71 }
Class 68 -> {65 69 62 63 60 67 71 59 72 61 }
Class 69 -> {66 68 64 65 62 67 70 59 71 63 }
Class 70 -> {62 64 60 61 58 63 65 57 66 59 }
Class 71 -> {65 67 62 64 60 66 68 59 70 61 }
Class 72 -> {69 70 66 67 68 64 74 73 63 71 }
Class 73 -> {46 44 51 2 49 48 47 53 80 40 }
Class 74 -> {64 66 62 63 60 65 67 58 69 61 }
Class 75 -> {57 55 69 63 62 61 60 59 58 71 }
Class 76 -> {68 70 63 64 61 69 71 59 72 62 }
Class 77 -> {65 67 63 64 61 66 68 59 71 62 }
Class 78 -> {66 68 64 65 62 67 69 61 70 63 }
Class 79 -> {67 69 65 66 63 68 70 61 71 64 }
Class 80 -> {69 71 67 68 64 70 72 62 73 65 }
Class 81 -> {58 55 69 68 63 62 61 60 59 71 }
Class 82 -> {65 67 63 64 61 66 68 58 70 62 }
Class 83 -> {67 68 64 65 66 61 72 70 60 69 }
Class 84 -> {67 69 65 66 62 68 70 59 72 64 }
Class 85 -> {65 68 63 64 60 67 69 58 70 61 }
Class 86 -> {65 67 63 64 61 66 68 58 69 62 }
Class 87 -> {65 67 63 64 61 66 68 59 69 62 }
Class 88 -> {65 68 63 64 61 66 69 59 70 62 }
Class 89 -> {66 68 63 64 60 67 69 58 70 61 }
Class 90 -> {65 68 63 64 61 66 69 59 71 62 }
Class 91 -> {64 66 62 63 60 65 67 58 68 61 }
Class 92 -> {66 68 64 65 62 67 69 60 71 63 }
Class 93 -> {67 69 65 66 62 68 70 60 72 64 }
Class 94 -> {58 54 69 65 63 61 60 59 71 57 }
Class 95 -> {67 68 64 65 66 62 71 70 61 69 }
Class 96 -> {66 69 64 65 62 67 71 60 72 63 }
Class 97 -> {68 70 66 67 64 69 71 62 72 65 }
Class 98 -> {66 69 63 64 61 68 70 59 71 62 }
Class 99 -> {67 69 64 65 62 68 70 61 71 63 }
Class 100 -> {64 67 61 63 59 65 69 58 70 60 }
