Class 1 -> {58 33 84 66 23 54 34 52 71 93 }
Class 2 -> {41 63 93 68 92 12 46 19 45 71 }
Class 3 -> {30 68 22 1 36 37 47 84 99 12 }
Class 4 -> {43 32 20 65 28 44 76 5 22 73 }
Class 5 -> {73 89 78 75 64 56 39 4 43 51 }
Class 6 -> {68 13 40 88 95 21 72 82 85 26 }
Class 7 -> {63 80 89 62 19 78 25 15 83 46 }
Class 8 -> {45 46 27 49 25 55 15 75 76 80 }
Class 9 -> {99 43 27 10 13 17 19 80 79 49 }
Class 10 -> {77 58 85 41 90 14 19 70 73 26 }
Class 11 -> {62 17 22 23 41 19 58 87 29 54 }
Class 12 -> {7 17 86 32 33 47 3 36 99 44 }
Class 13 -> {6 19 82 91 81 38 14 15 28 34 }
Class 14 -> {9 61 41 86 59 88 13 26 91 82 }
Class 15 -> {58 43 79 75 84 76 2 42 19 8 }
Class 16 -> {15 32 51 33 41 66 39 20 44 5 }
Class 17 -> {33 47 62 41 95 23 10 11 26 87 }
Class 18 -> {86 72 10 13 14 38 16 34 69 50 }
Class 19 -> {78 25 100 56 92 26 7 45 74 15 }
Class 20 -> {78 39 17 52 98 27 76 56 16 32 }
Class 21 -> {8 6 27 41 60 87 26 85 84 25 }
Class 22 -> {4 99 5 56 32 67 81 39 28 75 }
Class 23 -> {79 84 74 89 11 62 26 40 87 14 }
Class 24 -> {44 74 73 94 58 72 32 70 50 61 }
Class 25 -> {52 46 68 70 85 8 34 80 19 27 }
Class 26 -> {34 87 13 21 95 6 41 17 14 85 }
Class 27 -> {33 36 79 75 29 15 8 30 45 46 }
Class 28 -> {75 19 79 94 5 31 69 92 74 45 }
Class 29 -> {33 84 41 10 11 12 19 62 17 86 }
Class 30 -> {65 27 34 20 2 56 4 38 45 100 }
Class 31 -> {45 50 60 81 28 56 68 73 96 74 }
Class 32 -> {22 80 56 4 81 20 97 73 16 30 }
Class 33 -> {73 3 15 42 56 70 52 47 68 58 }
Class 34 -> {24 76 72 68 77 50 97 48 28 60 }
Class 35 -> {20 37 81 51 44 68 4 98 39 16 }
Class 36 -> {71 55 89 11 12 63 3 65 99 47 }
Class 37 -> {5 30 11 66 81 82 88 4 51 65 }
Class 38 -> {82 15 10 17 60 14 20 26 18 13 }
Class 39 -> {75 30 66 45 64 81 4 98 44 35 }
Class 40 -> {26 88 87 73 84 82 32 77 22 100 }
Class 41 -> {80 21 74 17 88 77 15 47 85 70 }
Class 42 -> {47 34 86 26 56 91 90 15 17 49 }
Class 43 -> {81 65 28 35 73 4 39 89 75 51 }
Class 44 -> {90 83 16 4 35 5 56 52 20 89 }
Class 45 -> {80 3 68 73 94 19 30 79 28 27 }
Class 46 -> {57 15 11 2 89 80 94 45 27 28 }
Class 47 -> {87 62 33 12 9 22 36 3 99 56 }
Class 48 -> {35 100 36 64 57 34 97 53 60 8 }
Class 49 -> {100 32 36 42 17 59 34 90 35 9 }
Class 50 -> {69 28 88 34 61 96 72 74 86 24 }
Class 51 -> {5 94 67 37 56 81 75 65 66 100 }
Class 52 -> {35 30 32 80 94 63 34 41 78 79 }
Class 53 -> {31 36 33 91 69 30 97 34 60 48 }
Class 54 -> {93 35 36 3 1 32 84 58 11 63 }
Class 55 -> {19 58 33 71 80 63 27 7 93 15 }
Class 56 -> {96 5 16 28 45 73 74 4 31 65 }
Class 57 -> {9 48 91 80 70 32 38 60 43 50 }
Class 58 -> {27 63 87 85 70 78 54 16 84 1 }
Class 59 -> {100 91 34 41 42 90 38 33 72 14 }
Class 60 -> {13 34 61 59 24 50 97 64 57 53 }
Class 61 -> {33 30 35 70 24 20 69 7 13 72 }
Class 62 -> {83 14 78 27 22 17 23 41 11 79 }
Class 63 -> {100 33 93 55 15 54 71 52 46 7 }
Class 64 -> {33 81 40 65 66 30 5 68 75 73 }
Class 65 -> {94 37 73 98 5 39 44 68 51 67 }
Class 66 -> {65 78 98 67 56 39 4 75 22 37 }
Class 67 -> {81 16 30 79 98 15 49 5 39 73 }
Class 68 -> {52 29 64 75 96 73 94 74 33 100 }
Class 69 -> {31 99 13 72 91 61 34 19 77 50 }
Class 70 -> {49 28 86 72 68 24 74 41 77 100 }
Class 71 -> {46 84 93 78 69 63 55 52 41 1 }
Class 72 -> {30 33 92 57 16 34 13 61 24 50 }
Class 73 -> {96 31 28 16 56 45 5 32 4 78 }
Class 74 -> {33 13 75 77 94 96 31 28 68 73 }
Class 75 -> {98 64 22 20 67 5 51 52 78 73 }
Class 76 -> {20 56 57 13 87 14 67 98 15 85 }
Class 77 -> {90 18 24 72 70 69 34 35 40 50 }
Class 78 -> {45 15 8 81 80 75 74 25 51 23 }
Class 79 -> {2 14 56 27 19 49 92 45 75 100 }
Class 80 -> {66 28 25 8 7 60 56 45 57 35 }
Class 81 -> {64 4 98 43 45 66 56 75 78 39 }
Class 82 -> {32 69 90 59 88 85 38 13 91 14 }
Class 83 -> {5 46 27 8 91 71 84 35 63 15 }
Class 84 -> {29 19 1 93 71 63 58 54 42 46 }
Class 85 -> {77 10 21 42 62 6 46 88 26 41 }
Class 86 -> {91 90 11 14 82 59 16 79 24 13 }
Class 87 -> {85 21 100 58 23 94 17 6 41 88 }
Class 88 -> {38 85 27 33 87 14 67 26 6 47 }
Class 89 -> {81 39 7 43 44 4 65 35 34 85 }
Class 90 -> {89 13 86 82 79 19 30 67 49 70 }
Class 91 -> {38 86 12 13 69 82 59 18 74 14 }
Class 92 -> {70 56 25 31 19 76 27 74 45 46 }
Class 93 -> {29 11 19 80 45 58 84 55 63 71 }
Class 94 -> {4 31 79 33 78 96 2 68 74 45 }
Class 95 -> {32 100 10 34 35 6 21 88 87 85 }
Class 96 -> {41 8 92 74 11 31 56 68 59 70 }
Class 97 -> {36 7 50 89 86 34 61 60 53 48 }
Class 98 -> {56 28 81 80 20 65 43 75 67 35 }
Class 99 -> {23 30 79 66 84 36 12 22 3 47 }
Class 100 -> {28 66 68 33 76 25 79 80 62 27 }
