Class 1 -> {49 51 99 98 97 96 95 94 92 91 90 89 88 87 86 85 83 82 81 80 79 78 77 76 75 74 73 72 70 69 68 67 65 64 63 62 61 60 59 57 56 55 53 3 50 2 48 18 17 20 }
Class 2 -> {49 51 99 98 97 95 94 91 90 89 88 87 86 85 84 83 82 81 80 79 78 77 76 75 74 73 72 70 69 67 66 65 64 62 61 60 59 58 57 56 55 54 53 3 50 1 48 22 20 17 }
Class 3 -> {49 51 98 97 96 95 94 93 92 91 90 89 88 87 86 83 82 81 80 79 77 76 75 74 73 72 71 70 69 67 66 65 64 63 62 61 60 59 58 57 56 55 53 52 2 50 100 23 20 18 }
Class 4 -> {47 51 99 98 97 95 94 93 92 91 90 89 88 87 86 85 84 83 82 80 79 78 77 75 72 71 70 69 64 63 62 61 60 59 58 57 55 54 53 2 50 49 48 1 46 29 13 14 26 12 }
Class 5 -> {47 100 99 98 97 96 95 93 91 90 88 87 86 85 84 83 82 80 79 77 76 74 72 71 70 69 68 67 66 63 62 61 60 59 58 57 55 54 53 52 2 50 49 48 1 23 25 22 9 24 }
Class 6 -> {49 51 99 98 97 96 94 93 92 91 90 89 87 86 84 83 81 80 79 78 77 76 75 74 71 70 69 67 66 65 64 63 62 61 60 59 58 57 56 55 54 53 52 2 50 1 48 20 18 16 }
Class 7 -> {47 51 97 96 95 94 93 92 91 90 88 87 86 85 84 82 79 77 76 75 74 73 72 71 70 69 68 67 66 65 64 61 60 59 58 57 56 54 53 52 2 50 49 48 1 20 22 17 18 14 }
Class 8 -> {91 92 83 84 78 77 85 74 73 72 71 70 69 68 67 66 65 64 63 62 61 60 59 58 57 56 87 54 53 52 2 50 88 48 47 89 90 44 43 82 12 98 96 18 17 16 97 14 13 21 }
Class 9 -> {50 51 98 97 96 95 94 93 92 91 90 89 88 87 85 84 83 82 81 78 77 76 75 74 73 72 71 70 69 68 67 66 65 64 63 62 61 60 59 58 57 56 55 54 53 52 2 1 22 21 }
Class 10 -> {49 51 99 98 97 96 95 94 93 92 91 89 88 87 86 84 83 82 81 80 79 78 76 75 74 72 71 69 68 67 66 65 64 63 62 61 60 59 57 56 55 54 53 52 2 50 1 22 20 17 }
Class 11 -> {48 51 99 98 97 96 95 94 92 91 90 89 88 86 84 82 81 80 79 77 76 75 74 73 72 71 70 69 67 66 65 64 63 61 60 59 57 56 55 53 52 2 50 49 1 47 18 21 16 14 }
Class 12 -> {2 51 97 96 95 94 93 92 91 90 89 88 87 85 84 83 82 81 80 79 78 77 76 75 74 73 72 71 70 69 68 67 66 65 64 63 62 61 60 59 58 57 56 55 54 53 52 1 50 22 }
Class 13 -> {50 51 99 98 97 96 95 94 93 92 90 89 88 87 86 85 84 83 80 79 78 76 75 74 73 71 70 69 68 67 66 65 64 63 62 61 60 59 58 57 56 55 54 53 52 2 1 49 22 21 }
Class 14 -> {48 51 99 98 96 95 94 93 92 90 89 87 85 84 83 81 80 79 78 77 76 75 74 73 72 71 70 69 68 67 66 65 64 63 62 60 58 57 56 55 54 53 52 2 50 1 22 20 18 19 }
Class 15 -> {44 51 98 97 96 95 94 92 91 90 89 88 87 86 85 82 81 80 77 74 72 71 70 69 68 67 66 65 64 63 62 61 60 59 55 54 53 50 48 47 46 1 24 25 21 23 16 26 13 27 }
Class 16 -> {49 100 97 96 95 94 93 92 91 90 89 88 87 86 85 84 83 82 81 80 79 78 77 76 75 74 72 71 70 69 68 67 65 64 63 62 61 60 59 58 57 55 54 53 50 1 48 23 21 18 }
Class 17 -> {48 51 98 97 96 94 93 92 91 90 89 86 85 84 83 82 81 80 79 78 77 76 75 74 73 72 71 70 69 68 67 65 64 63 61 60 59 58 57 56 54 53 52 2 50 1 20 19 16 18 }
Class 18 -> {2 51 99 98 96 95 94 93 92 91 90 89 88 87 85 84 83 82 81 80 79 78 77 76 75 74 73 71 70 68 67 66 65 64 63 62 61 60 59 58 57 56 55 54 53 52 1 49 24 22 }
Class 19 -> {47 51 99 98 96 95 93 91 90 89 88 87 86 85 84 83 82 80 77 76 75 73 72 71 70 69 68 67 66 65 63 62 61 59 57 55 54 53 52 2 50 49 48 1 27 29 6 9 28 30 }
Class 20 -> {50 51 99 97 95 94 93 92 91 90 89 88 87 86 85 84 83 82 81 80 79 77 75 74 73 72 71 70 69 68 67 66 65 64 63 62 61 60 59 58 57 55 54 53 2 1 48 22 19 15 }
Class 21 -> {50 51 99 98 97 96 95 94 93 92 91 90 89 88 86 83 82 81 80 79 78 77 76 75 74 73 72 71 70 69 68 67 66 65 64 63 62 61 59 58 57 56 55 54 53 52 2 1 20 18 }
Class 22 -> {50 51 98 97 96 95 94 93 92 91 90 89 88 87 86 85 84 83 82 80 79 78 77 76 74 73 72 71 70 69 68 66 65 64 63 62 61 60 59 58 57 55 54 53 52 2 1 49 18 17 }
Class 23 -> {47 51 98 97 96 95 93 92 91 90 88 86 85 83 82 81 80 78 77 76 75 73 72 71 70 69 68 67 65 64 63 61 60 59 58 57 56 55 53 52 2 50 48 1 46 19 20 17 18 15 }
Class 24 -> {48 51 99 98 97 96 95 93 92 91 90 89 88 87 86 85 84 83 82 81 80 79 78 77 76 75 71 69 68 67 66 65 64 63 62 60 59 57 56 55 54 53 52 2 49 1 17 16 19 21 }
Class 25 -> {50 51 99 98 97 96 95 94 93 92 91 90 89 88 87 86 84 83 82 81 79 78 77 76 75 74 73 72 71 69 67 66 65 64 63 62 61 60 59 58 57 56 55 54 53 2 1 49 21 18 }
Class 26 -> {49 51 99 98 97 96 94 93 92 91 90 89 88 86 84 83 82 81 80 78 77 76 75 74 73 72 71 70 69 68 67 65 64 63 62 61 60 58 57 56 55 54 53 52 2 50 1 47 22 19 }
Class 27 -> {49 51 99 98 97 96 95 93 91 90 89 88 87 86 85 84 83 82 81 78 77 76 74 73 72 71 70 69 68 66 65 64 62 61 60 59 58 57 56 55 54 53 52 2 50 1 48 22 20 19 }
Class 28 -> {46 51 99 98 95 93 91 90 88 87 86 85 84 83 82 80 78 77 76 73 72 71 67 66 65 63 62 61 60 59 58 57 56 55 54 53 52 2 50 49 48 47 1 17 18 15 16 13 20 11 }
Class 29 -> {49 51 99 98 97 96 94 93 92 91 90 89 88 87 85 83 82 81 80 79 78 77 76 75 74 73 72 71 70 69 67 65 64 63 61 60 59 58 57 56 55 54 53 52 2 50 1 23 21 18 }
Class 30 -> {48 51 99 97 96 95 94 93 92 91 90 88 87 86 85 84 83 82 81 80 79 78 77 76 74 72 71 70 69 68 67 66 63 62 61 60 59 58 57 55 54 53 52 50 49 1 23 22 19 21 }
Class 31 -> {48 51 99 98 97 95 94 93 92 91 90 89 88 87 86 85 84 83 82 80 79 78 76 75 72 71 70 69 67 66 65 64 63 62 61 59 58 57 55 54 53 52 2 49 1 47 16 15 18 19 }
Class 32 -> {48 51 99 98 96 95 94 93 92 91 90 89 88 87 86 85 84 83 79 78 77 76 75 74 72 71 70 69 68 66 63 62 61 60 59 58 57 55 54 53 2 50 49 1 46 27 29 26 45 28 }
Class 33 -> {45 51 99 98 97 96 95 93 91 90 89 88 86 85 84 83 82 81 80 78 77 76 75 74 72 71 69 67 65 64 63 62 61 60 59 57 55 54 53 49 46 1 44 18 21 16 17 13 20 22 }
Class 34 -> {44 51 99 98 96 95 94 93 91 90 89 88 87 86 85 84 82 81 79 78 75 74 71 70 69 67 66 65 64 63 62 59 58 56 55 54 52 2 49 47 45 1 13 27 25 23 26 12 42 14 }
Class 35 -> {48 100 99 97 96 95 94 93 92 91 90 89 88 87 86 85 84 83 82 79 78 77 76 75 74 72 71 70 69 67 64 63 62 61 60 59 58 57 55 54 53 52 50 49 1 47 23 22 19 21 }
Class 36 -> {48 51 97 96 95 94 93 92 91 90 88 87 86 85 84 83 82 81 80 79 78 77 76 75 74 73 72 70 69 68 67 66 64 62 61 60 59 58 57 56 54 53 2 50 49 1 19 18 21 22 }
Class 37 -> {49 100 99 98 97 96 95 94 93 92 91 90 89 87 86 85 84 83 80 79 78 77 76 75 74 73 72 71 70 69 64 63 62 61 60 59 58 57 56 55 54 53 52 2 50 1 48 22 20 18 }
Class 38 -> {47 51 99 98 96 94 93 92 89 88 86 84 83 81 80 79 78 77 76 75 74 73 71 70 69 68 66 65 64 63 62 61 59 58 57 56 55 54 53 52 2 49 48 1 46 21 23 19 12 44 }
Class 39 -> {47 51 99 97 96 95 94 93 92 91 89 88 87 85 84 83 82 79 77 76 74 73 72 71 70 69 68 67 65 63 62 61 60 59 58 57 56 54 53 52 2 50 49 48 1 21 23 18 19 14 }
Class 40 -> {49 51 99 98 97 96 95 94 93 92 91 90 89 86 85 83 81 80 79 78 76 75 74 72 71 70 69 68 67 66 65 64 63 62 60 59 58 57 56 55 54 53 52 2 50 1 48 19 17 15 }
Class 41 -> {44 100 99 98 97 96 94 93 91 89 86 84 81 79 78 76 75 73 72 71 69 68 67 66 65 64 63 62 61 59 58 57 56 54 53 52 50 49 48 45 1 43 20 40 25 24 23 22 9 19 }
Class 42 -> {50 51 99 98 97 96 95 94 93 92 89 88 87 85 84 83 82 81 80 79 78 77 76 75 74 73 72 71 70 69 68 67 66 65 64 63 62 61 60 59 58 57 55 54 53 52 2 1 21 19 }
Class 43 -> {48 100 99 96 95 94 93 92 91 90 88 87 86 85 84 83 82 80 79 78 77 76 74 72 71 70 69 68 67 66 64 63 62 61 60 59 58 57 55 54 53 2 50 49 1 47 24 26 10 11 }
Class 44 -> {48 51 98 97 96 95 94 93 92 91 88 87 86 85 84 82 80 79 78 77 76 75 74 72 71 70 69 68 67 66 64 63 62 61 60 59 58 57 55 54 53 2 50 49 1 47 21 19 17 18 }
Class 45 -> {42 51 99 97 95 93 90 89 88 87 86 85 84 82 78 77 76 75 74 72 71 67 66 65 64 63 62 61 60 59 58 57 56 54 53 50 48 47 44 1 15 14 23 22 40 20 18 17 16 26 }
Class 46 -> {43 51 99 98 97 96 93 92 91 88 86 84 83 82 79 78 77 76 75 74 73 70 69 68 67 66 65 64 62 61 60 59 56 54 53 52 50 49 48 47 44 1 19 21 18 16 20 22 13 17 }
Class 47 -> {49 51 98 96 95 94 93 92 91 90 89 86 85 84 83 82 80 79 78 77 76 75 74 73 72 71 70 69 68 67 66 65 64 63 61 60 59 58 57 55 54 53 52 2 50 1 48 45 21 19 }
Class 48 -> {50 51 99 98 96 95 94 93 92 91 90 89 88 87 86 85 84 83 82 81 80 79 78 77 76 75 74 73 72 71 70 69 68 67 66 65 63 62 61 59 58 56 55 54 52 2 1 49 18 17 }
Class 49 -> {2 51 99 98 97 96 95 94 93 92 91 89 88 87 86 85 84 83 82 81 80 79 78 77 76 75 74 73 72 71 70 69 68 67 66 65 64 63 62 61 60 58 57 56 55 54 53 52 1 18 }
Class 50 -> {46 51 99 98 97 95 94 93 92 91 90 89 87 85 84 83 82 81 80 79 78 76 75 73 71 70 68 67 66 65 64 63 62 59 58 57 55 54 53 52 2 49 48 47 1 16 15 19 20 17 }
Class 51 -> {43 50 99 98 97 96 95 93 92 91 90 88 87 85 84 83 82 79 78 77 76 73 72 71 70 69 68 63 62 61 59 58 57 54 53 52 2 49 48 47 1 42 18 20 16 17 14 19 21 12 }
Class 52 -> {45 50 99 98 96 95 93 92 90 88 87 86 84 83 82 81 77 76 75 74 73 72 71 70 69 68 66 62 61 60 59 58 57 56 55 54 53 51 2 49 48 47 46 1 17 20 15 16 13 18 }
Class 53 -> {49 50 99 98 96 95 94 93 92 90 89 88 87 86 85 84 83 82 81 80 79 78 77 76 75 74 73 72 71 70 68 67 66 65 64 63 62 61 59 58 57 56 55 54 52 51 2 1 17 16 }
Class 54 -> {49 50 99 98 97 96 95 94 92 91 90 89 88 87 86 85 83 82 81 80 79 78 77 76 75 74 73 72 71 70 69 68 67 66 65 64 62 61 60 59 57 56 55 53 52 51 2 100 18 17 }
Class 55 -> {48 50 99 98 97 96 95 94 92 91 90 89 88 87 86 85 84 83 82 81 79 78 77 76 75 74 73 72 70 69 68 67 66 65 64 62 61 60 59 57 56 54 53 52 2 49 1 22 20 17 }
Class 56 -> {44 50 99 98 95 94 93 90 89 88 87 86 85 84 83 82 79 78 77 76 71 70 69 68 64 63 62 61 60 59 58 57 55 54 53 52 51 2 49 48 46 1 43 18 20 17 14 19 21 13 }
Class 57 -> {49 100 99 98 97 96 95 94 93 92 90 89 88 87 86 85 84 83 82 81 79 78 77 76 75 74 73 72 71 69 68 67 66 65 64 63 62 61 59 58 56 55 54 53 52 51 2 1 24 23 }
Class 58 -> {47 50 99 98 97 96 95 94 92 91 90 89 88 86 83 82 81 80 79 77 76 75 74 73 72 71 69 68 67 65 64 62 61 60 59 57 56 55 53 52 51 2 49 48 100 46 44 25 22 20 }
Class 59 -> {2 50 99 98 97 96 95 94 93 92 89 88 87 86 85 84 83 82 81 80 79 78 77 76 75 74 73 71 70 69 68 67 66 65 64 63 62 61 60 58 57 56 55 54 53 52 51 1 49 17 }
Class 60 -> {48 100 99 98 96 95 94 93 92 91 90 89 88 87 86 85 84 83 82 81 80 79 78 77 76 75 74 72 71 70 69 68 67 66 65 63 62 58 56 55 54 52 51 2 49 1 47 17 16 19 }
Class 61 -> {2 50 99 98 97 96 95 94 93 92 91 90 89 88 87 86 85 84 83 82 81 80 79 78 77 76 75 74 73 71 68 67 66 65 64 63 62 60 59 58 57 56 55 54 53 52 51 1 49 22 }
Class 62 -> {2 50 99 98 97 96 95 94 93 92 91 90 89 88 87 86 85 84 82 81 80 77 76 75 74 73 72 71 70 69 68 67 66 65 64 63 61 60 59 58 57 56 55 54 53 52 51 1 49 20 }
Class 63 -> {49 50 99 98 97 96 95 94 92 91 90 89 88 87 86 85 84 83 82 81 80 79 78 77 76 75 74 73 72 70 69 68 67 66 65 64 62 61 60 59 58 57 56 53 51 2 1 48 18 17 }
Class 64 -> {46 50 99 98 97 96 95 93 92 91 90 89 88 87 86 85 84 83 82 80 79 78 77 76 74 72 71 70 69 67 63 62 61 60 59 58 57 56 55 54 53 49 48 1 28 14 27 44 29 13 }
Class 65 -> {41 50 97 96 95 93 92 91 89 88 87 86 85 84 83 82 78 77 76 74 72 71 70 69 62 61 60 59 58 57 55 54 53 2 49 48 47 45 42 1 14 13 24 23 21 19 18 17 15 26 }
Class 66 -> {42 50 99 97 94 91 90 89 88 87 85 84 83 82 77 76 73 72 71 70 69 68 64 63 62 61 60 59 57 55 54 53 2 49 48 47 46 45 44 43 1 15 13 24 23 21 40 18 16 26 }
Class 67 -> {46 50 97 96 95 94 93 92 90 89 88 87 85 84 83 80 78 77 76 75 74 72 71 70 69 68 66 64 63 61 60 59 58 57 56 55 54 53 52 51 48 47 1 44 24 26 23 43 25 27 }
Class 68 -> {45 50 99 98 97 95 93 92 91 90 89 88 87 86 85 84 83 82 81 80 79 78 77 76 72 71 69 67 65 63 62 61 60 59 58 57 55 54 53 51 49 48 47 1 44 28 26 13 27 12 }
Class 69 -> {49 100 98 97 96 95 94 93 92 90 89 88 87 86 85 84 83 82 81 80 79 78 76 75 74 73 71 70 68 67 66 65 64 63 62 60 59 58 57 56 55 54 53 52 51 2 1 48 21 18 }
Class 70 -> {46 50 99 98 97 96 93 92 90 89 88 87 85 84 83 82 81 79 78 76 75 73 71 67 66 65 64 63 62 61 60 59 58 57 56 55 54 53 52 51 2 48 47 1 44 23 8 20 7 6 }
Class 71 -> {47 50 98 97 96 95 92 91 90 89 88 87 86 85 83 82 81 80 79 77 76 75 74 73 72 70 68 67 66 65 64 62 61 60 59 58 57 56 54 53 51 2 49 48 100 22 45 20 21 18 }
Class 72 -> {2 100 99 98 97 96 95 94 93 91 90 89 88 87 86 85 84 83 82 81 80 79 78 77 76 75 74 73 71 70 69 68 67 66 65 64 63 62 60 59 58 56 55 54 53 52 51 1 49 21 }
Class 73 -> {36 35 69 72 74 76 65 77 63 62 61 60 59 58 57 79 55 54 53 52 51 2 49 48 47 46 80 44 43 42 40 39 38 37 71 10 8 92 14 93 94 11 18 9 99 97 3 90 6 95 }
Class 74 -> {48 50 99 98 97 95 93 91 90 89 88 87 86 85 84 83 82 81 80 79 78 76 72 71 70 69 67 66 65 64 63 62 61 60 59 58 57 56 55 54 53 52 51 2 49 1 47 24 45 9 }
Class 75 -> {42 50 99 97 96 95 93 92 91 90 88 87 86 85 84 83 82 80 77 74 72 71 70 69 63 62 61 60 59 58 57 55 54 53 2 49 48 47 46 43 1 17 18 15 16 13 21 12 40 14 }
Class 76 -> {47 50 99 97 96 95 94 93 92 91 90 89 88 86 84 83 82 81 80 79 78 77 75 74 73 72 71 70 69 68 64 63 62 61 60 59 58 55 54 53 52 51 2 49 48 1 23 21 18 19 }
Class 77 -> {49 100 99 98 97 96 95 94 93 92 91 89 88 87 86 85 84 83 82 81 80 79 78 76 75 73 71 68 67 66 65 64 63 62 61 60 59 58 57 56 55 54 53 52 51 2 1 48 46 25 }
Class 78 -> {47 50 99 98 97 96 95 93 92 91 90 89 88 87 86 85 84 83 82 77 76 73 72 71 70 69 68 67 66 65 64 63 62 61 60 59 57 55 54 53 2 49 48 1 24 27 22 21 26 100 }
Class 79 -> {48 50 99 98 97 96 95 94 93 91 90 89 88 87 86 85 84 83 82 81 80 78 77 76 74 72 71 70 69 68 67 66 65 64 63 62 61 60 59 58 57 55 54 53 52 51 1 8 9 25 }
Class 80 -> {48 50 99 98 97 96 95 94 93 92 91 90 89 87 86 85 84 83 82 81 79 78 77 76 75 74 73 72 71 70 69 68 67 65 64 63 62 61 59 58 55 54 53 52 51 49 1 22 20 18 }
Class 81 -> {44 50 99 97 96 95 93 92 91 90 88 87 86 85 84 83 82 80 79 77 74 72 71 70 69 68 63 62 61 60 59 58 57 55 54 53 52 2 49 48 47 46 1 20 21 18 19 16 22 12 }
Class 82 -> {48 50 99 98 97 96 95 94 93 92 89 87 86 84 83 81 80 79 78 77 76 75 74 73 72 71 70 68 67 66 65 64 63 62 61 60 58 57 56 55 54 53 52 51 2 49 1 21 19 17 }
Class 83 -> {49 50 99 98 97 96 95 94 93 92 90 89 88 87 86 85 82 81 80 79 78 77 76 75 74 73 72 70 69 68 67 66 65 64 62 61 60 59 58 57 56 55 54 53 52 51 2 1 22 20 }
Class 84 -> {47 50 99 98 97 96 95 94 92 90 89 88 87 86 85 83 82 81 79 78 77 76 75 74 73 72 70 69 68 67 66 65 64 62 61 59 57 56 55 53 52 51 2 49 48 100 24 26 23 21 }
Class 85 -> {48 50 99 98 97 96 95 94 93 92 91 90 89 86 84 83 82 81 80 79 78 76 75 74 73 71 70 69 68 67 65 64 63 61 60 59 58 57 56 55 54 53 52 51 2 49 1 22 20 18 }
Class 86 -> {48 50 99 98 97 96 95 93 89 88 87 85 84 83 81 80 78 77 76 75 74 73 72 71 70 69 68 67 66 65 64 63 62 61 60 58 57 56 55 54 53 52 51 2 49 1 47 20 19 17 }
Class 87 -> {47 50 99 98 97 96 93 92 90 89 86 84 83 82 81 80 78 77 76 75 74 73 72 71 70 69 68 67 66 65 64 63 62 61 60 59 57 56 55 54 53 52 2 49 48 1 45 20 18 19 }
Class 88 -> {49 50 98 97 96 94 93 92 91 90 89 86 84 83 82 81 80 79 78 77 76 75 74 73 72 71 70 69 68 66 65 64 63 62 61 60 59 58 57 56 55 54 53 52 51 2 1 48 24 22 }
Class 89 -> {48 50 99 96 95 94 93 92 91 90 88 87 86 84 83 82 80 79 78 77 76 75 74 73 72 71 70 69 68 67 66 64 63 61 60 59 58 57 56 55 54 53 52 51 2 49 1 21 19 17 }
Class 90 -> {48 50 99 98 97 96 95 94 93 92 91 88 87 85 84 83 81 80 78 77 76 75 74 73 72 71 69 68 66 65 64 63 62 61 60 59 58 57 56 55 54 53 52 51 2 1 47 21 18 16 }
Class 91 -> {47 50 99 98 97 95 94 93 89 88 87 85 84 83 81 80 79 78 77 76 75 73 72 71 70 68 67 66 65 64 63 62 61 60 58 57 56 55 54 53 52 51 2 48 1 46 21 20 17 19 }
Class 92 -> {48 50 98 97 96 95 93 91 90 89 88 87 86 85 84 83 82 81 80 79 78 77 75 73 72 71 69 68 67 66 65 64 63 62 61 60 59 58 57 55 54 53 52 51 49 1 47 20 17 15 }
Class 93 -> {48 50 99 98 97 96 95 94 92 91 90 89 88 87 86 85 82 81 79 78 77 76 75 74 73 72 70 69 68 67 66 65 64 62 61 60 59 57 56 54 53 52 51 2 49 1 47 21 18 16 }
Class 94 -> {42 50 99 98 97 95 93 91 90 89 88 86 84 82 81 80 77 76 73 72 71 70 69 65 63 61 60 59 58 57 54 53 51 49 48 47 44 43 1 40 16 14 24 39 21 20 19 17 26 15 }
Class 95 -> {2 50 99 98 97 96 94 93 92 91 90 89 86 84 83 82 81 80 79 78 77 76 75 74 73 72 71 70 69 68 67 66 65 64 63 62 61 60 59 58 57 56 55 54 53 52 51 1 49 20 }
Class 96 -> {47 50 99 97 95 94 93 91 90 89 88 87 86 85 84 83 82 81 80 79 78 77 76 75 73 72 71 69 67 66 65 64 63 62 61 60 58 57 55 54 53 52 2 49 48 1 22 20 18 19 }
Class 97 -> {49 100 99 98 96 95 94 93 92 91 90 88 87 85 84 83 82 81 80 79 78 77 76 75 74 73 72 71 70 69 68 67 66 65 64 63 62 59 58 57 56 55 54 52 51 2 1 25 23 21 }
Class 98 -> {47 50 99 97 96 95 94 93 91 90 89 88 87 86 85 84 83 82 79 78 77 76 74 73 72 71 70 69 68 66 64 63 62 61 60 59 58 57 55 54 53 52 2 49 48 1 17 16 19 21 }
Class 99 -> {48 50 98 97 96 95 94 93 92 90 89 87 86 85 83 82 81 80 78 77 76 75 74 73 72 71 70 69 68 67 65 64 63 62 61 60 59 57 55 54 53 52 2 49 1 46 26 28 45 11 }
Class 100 -> {47 50 98 97 96 95 94 93 91 90 89 88 87 86 85 84 83 82 81 78 77 75 74 72 71 70 69 67 65 64 63 61 60 59 58 57 56 55 54 53 51 2 49 48 1 16 15 18 19 17 }
