Class 1 -> {20 21 19 15 13 22 24 25 16 46 14 27 12 11 10 9 8 7 6 5 4 26 47 28 29 71 30 23 31 32 33 66 34 84 35 36 37 38 39 40 58 41 93 42 43 54 44 52 45 100 }
Class 2 -> {17 18 15 21 13 23 24 16 27 14 26 11 10 9 8 7 6 5 4 25 47 28 71 46 29 30 68 31 32 33 19 34 63 35 36 37 38 12 39 40 41 92 93 42 43 96 44 52 45 100 }
Class 3 -> {18 19 16 21 15 24 26 17 28 25 14 13 11 10 9 8 5 4 27 48 29 30 68 47 31 32 22 78 33 34 35 36 37 84 85 38 39 40 41 12 42 43 54 44 7 6 45 46 99 1 }
Class 4 -> {16 12 27 10 15 9 25 17 24 23 18 11 19 30 100 8 33 34 35 36 37 7 38 96 40 6 41 42 3 21 45 20 81 22 76 74 44 28 68 67 66 65 31 32 56 39 52 5 43 73 }
Class 5 -> {24 19 26 21 29 20 11 18 17 16 15 14 12 27 10 30 65 46 8 31 32 33 45 34 94 35 36 37 7 38 81 6 40 41 42 3 13 44 92 28 73 89 78 75 64 56 39 4 43 51 }
Class 6 -> {16 17 14 19 12 22 23 15 46 25 11 10 9 8 7 5 4 3 24 47 26 72 73 27 28 68 29 21 30 31 32 82 33 34 85 35 36 88 13 37 38 39 40 41 95 42 43 44 45 100 }
Class 7 -> {14 21 13 45 24 16 27 23 12 11 10 9 6 5 4 3 26 100 28 29 25 30 31 32 63 62 19 78 33 80 81 34 83 35 15 36 37 38 89 55 39 40 8 41 42 43 44 98 99 46 }
Class 8 -> {21 22 10 9 99 6 5 4 3 20 51 40 23 24 95 94 93 28 29 30 31 32 33 34 86 35 36 37 38 39 81 1 80 79 76 75 55 49 46 45 42 41 27 26 25 19 15 11 7 100 }
Class 9 -> {21 18 20 15 12 23 48 16 26 14 24 11 8 7 6 5 4 3 25 100 28 27 29 30 31 32 33 34 79 80 35 19 36 17 37 86 38 39 13 40 41 10 42 43 44 45 46 47 99 49 }
Class 10 -> {17 18 15 21 12 23 24 16 27 13 100 11 9 8 7 6 5 4 3 25 48 28 73 47 70 29 77 30 31 32 33 19 34 35 85 36 37 14 38 90 39 58 40 41 42 43 44 45 46 26 }
Class 11 -> {14 20 12 25 15 30 13 24 10 9 7 6 5 4 28 100 31 68 29 32 27 26 33 45 23 22 34 78 62 19 35 17 83 36 85 37 87 58 38 39 40 54 93 8 41 42 43 44 3 46 }
Class 12 -> {22 20 18 19 15 21 14 23 24 16 26 25 13 11 10 9 8 6 5 4 48 49 27 28 29 30 31 32 33 34 35 36 17 37 38 86 39 40 41 42 43 44 7 45 46 47 3 98 99 100 }
Class 13 -> {21 18 20 16 11 23 47 17 26 12 24 10 9 8 7 5 4 3 25 48 27 72 28 29 30 31 77 32 33 34 81 82 19 35 36 37 15 14 38 39 91 40 41 42 43 6 44 45 46 100 }
Class 14 -> {19 15 21 12 23 25 16 28 24 11 10 8 7 6 5 4 3 27 47 29 30 26 31 49 32 33 34 35 36 61 17 82 37 59 13 86 38 88 39 40 91 9 41 42 43 44 97 45 46 100 }
Class 15 -> {27 18 29 14 22 12 11 9 7 6 5 3 28 100 30 31 32 33 34 35 58 45 73 57 75 76 20 78 79 19 56 17 83 84 36 37 38 52 2 10 39 8 93 49 40 41 4 42 99 43 }
Class 16 -> {18 19 14 22 12 24 25 17 46 13 27 11 10 9 8 7 6 4 3 26 47 28 73 29 30 31 32 33 66 34 20 35 36 37 15 38 39 40 41 42 56 43 44 45 5 52 2 98 99 51 }
Class 17 -> {18 14 12 22 24 15 28 13 25 9 8 7 6 5 4 3 27 100 30 29 31 32 26 49 66 23 33 21 34 35 62 36 37 38 39 40 87 88 11 10 41 55 42 43 95 44 45 46 99 47 }
Class 18 -> {22 20 21 17 23 12 25 48 19 28 15 26 11 9 8 7 6 5 4 3 27 100 72 29 30 69 31 32 33 34 35 36 37 16 38 86 14 13 39 40 10 41 42 43 44 45 97 46 47 50 }
Class 19 -> {30 22 24 23 5 21 10 12 18 13 17 31 14 32 33 34 97 35 4 36 94 3 8 37 38 39 40 11 41 42 43 44 16 46 15 81 79 78 20 74 45 92 7 25 26 64 60 58 56 100 }
Class 20 -> {15 18 13 21 12 23 24 14 26 25 11 10 9 8 7 6 4 3 47 100 28 27 29 30 31 76 32 78 33 34 35 36 17 16 37 38 39 40 41 42 56 43 44 45 5 96 52 98 46 49 }
Class 21 -> {18 16 17 14 19 13 22 23 15 48 100 12 11 10 9 7 5 4 3 24 49 28 27 26 29 30 31 32 33 34 35 36 37 84 85 38 87 39 60 40 41 42 43 8 44 6 45 46 47 25 }
Class 22 -> {17 20 21 19 15 14 23 24 25 16 26 100 13 12 11 10 9 8 7 6 3 47 48 27 28 29 30 31 32 67 81 33 34 35 36 37 38 39 40 41 42 56 43 44 45 5 4 46 99 75 }
Class 23 -> {15 12 21 44 16 25 13 22 10 9 8 7 5 4 3 24 45 28 27 26 29 66 30 74 31 32 62 33 79 34 35 36 14 84 37 38 87 11 89 39 54 40 41 94 6 42 43 49 99 100 }
Class 24 -> {21 18 14 20 13 22 23 25 15 27 100 12 11 10 9 8 7 6 5 4 3 26 47 46 73 72 28 70 29 30 31 32 33 34 35 36 61 37 38 58 39 40 41 94 42 43 44 45 50 74 }
Class 25 -> {18 16 17 14 20 12 22 23 15 47 13 26 11 10 9 7 6 5 4 3 24 48 28 27 29 30 70 31 68 80 32 19 33 34 85 35 36 37 38 39 40 41 42 8 43 44 45 46 52 100 }
Class 26 -> {19 20 16 15 25 27 18 29 24 12 9 8 7 5 4 3 28 48 30 31 32 66 33 34 23 35 21 36 79 37 38 17 59 39 85 14 87 13 40 11 10 41 42 43 95 6 44 45 46 100 }
Class 27 -> {19 17 21 13 24 18 26 16 23 12 11 10 9 6 3 25 47 30 29 28 67 31 32 46 75 33 63 34 79 80 35 36 37 38 15 14 39 40 41 42 43 92 8 94 7 44 5 4 45 100 }
Class 28 -> {11 44 14 24 12 21 10 9 8 7 6 4 3 22 100 25 23 68 69 70 64 26 27 74 75 19 29 30 79 31 81 32 33 34 35 36 37 38 89 39 40 92 41 94 5 96 97 42 43 45 }
Class 29 -> {18 20 15 22 14 24 47 16 27 25 13 9 8 7 6 5 4 3 26 48 28 30 31 68 32 66 33 34 35 19 62 17 36 84 37 86 38 39 12 11 10 40 41 42 95 43 44 45 46 100 }
Class 30 -> {21 17 12 24 46 18 28 14 25 11 10 9 8 7 6 3 26 47 29 31 27 32 73 33 75 65 64 34 35 20 36 37 38 16 15 39 13 40 89 56 41 42 43 44 2 5 4 98 45 100 }
Class 31 -> {19 17 13 12 20 21 22 14 24 100 11 10 9 8 7 6 5 4 3 23 46 25 73 45 26 27 77 28 68 29 81 30 32 33 34 35 36 60 37 38 39 56 40 41 42 96 43 44 50 74 }
Class 32 -> {28 24 11 25 9 8 23 12 21 13 19 14 10 17 100 31 33 34 35 36 37 38 7 6 40 41 5 42 43 3 15 47 18 82 16 81 80 20 22 67 30 65 64 56 39 52 97 4 44 73 }
Class 33 -> {22 12 23 14 27 25 11 10 9 8 7 6 5 4 24 43 28 68 66 70 26 42 73 29 30 31 32 34 79 19 35 36 58 15 37 56 87 38 39 40 52 92 2 94 50 41 48 47 3 100 }
Class 34 -> {14 30 31 15 22 21 16 20 19 29 18 100 11 10 9 33 92 8 36 37 7 6 39 5 40 4 83 41 3 17 43 80 77 76 73 24 68 28 61 60 32 57 35 53 38 50 97 48 46 72 }
Class 35 -> {21 17 13 24 45 18 28 14 25 12 11 10 9 8 7 6 26 46 29 68 27 30 73 66 65 31 32 33 20 80 81 34 36 37 16 15 38 39 56 40 41 42 43 2 44 5 4 98 3 51 }
Class 36 -> {22 20 16 15 23 24 46 17 27 25 14 13 10 9 8 7 6 5 4 26 100 71 28 29 30 31 32 65 33 63 34 35 37 38 39 40 12 11 89 41 55 42 43 52 44 45 3 98 99 47 }
Class 37 -> {18 19 16 21 14 23 24 17 26 15 25 13 12 10 9 8 7 6 3 46 47 27 28 29 30 68 67 66 65 31 81 82 32 33 34 35 36 88 38 39 11 40 41 42 43 44 5 4 45 51 }
Class 38 -> {44 9 24 16 27 11 22 8 7 6 5 4 3 25 45 28 67 26 29 30 31 72 32 60 20 33 18 17 34 15 14 82 13 35 85 36 87 10 37 90 91 39 40 41 95 42 97 50 43 100 }
Class 39 -> {14 11 24 25 15 27 12 22 10 9 8 7 6 5 3 26 46 28 66 29 64 30 45 31 75 20 32 78 33 80 81 17 16 34 35 86 13 36 37 90 55 38 40 41 42 43 4 98 44 100 }
Class 40 -> {15 16 13 18 12 20 21 14 24 23 11 10 8 7 6 5 4 3 46 47 25 26 73 27 22 28 77 29 30 31 32 82 33 84 34 61 87 88 35 36 37 38 9 39 41 42 43 44 45 100 }
Class 41 -> {19 28 18 10 16 14 12 27 13 95 7 30 31 8 32 33 6 34 92 35 36 5 37 90 38 39 87 11 4 3 83 42 82 80 85 15 77 88 17 74 70 21 26 29 60 55 2 47 46 51 }
Class 42 -> {19 16 18 13 20 11 22 23 14 25 12 24 10 9 8 7 6 5 4 3 48 100 26 27 28 29 30 31 32 33 34 17 35 15 36 86 37 38 39 90 91 40 41 43 56 44 45 46 47 49 }
Class 43 -> {11 25 21 27 45 29 12 30 20 19 18 13 17 16 9 14 23 8 31 32 33 7 6 36 37 38 5 97 40 41 98 42 3 15 46 81 22 75 89 73 28 65 34 35 56 4 39 52 44 51 }
Class 44 -> {18 14 12 45 24 15 26 13 23 11 10 9 8 7 6 3 25 46 27 28 29 30 73 65 22 31 20 32 33 34 81 16 83 35 36 37 38 56 89 90 39 40 41 52 42 5 4 43 99 100 }
Class 45 -> {26 21 13 12 9 7 6 5 4 24 100 27 28 25 29 30 31 68 69 70 32 33 73 19 55 34 35 52 79 80 81 2 83 36 49 11 10 37 8 38 91 92 46 94 39 96 43 98 3 41 }
Class 46 -> {17 26 14 100 12 10 9 6 5 4 23 42 63 28 27 29 25 24 30 31 71 41 32 58 57 33 55 34 15 80 81 35 36 2 85 11 87 37 89 90 38 8 7 94 95 39 40 45 3 72 }
Class 47 -> {19 20 15 14 24 25 17 27 23 13 11 10 8 7 6 4 26 46 28 29 30 31 32 33 22 34 62 35 18 36 81 16 37 38 39 12 87 88 56 40 9 41 42 43 5 44 97 3 99 100 }
Class 48 -> {17 20 21 19 15 13 22 23 24 16 46 14 26 12 11 10 9 7 6 5 4 3 25 47 27 28 29 30 31 32 33 34 35 36 64 37 38 39 60 40 41 57 8 42 43 44 97 53 45 100 }
Class 49 -> {50 48 47 46 45 44 43 42 59 41 40 39 38 37 36 35 34 33 32 31 30 29 28 27 26 25 24 23 22 21 20 19 18 17 16 15 14 13 12 90 11 10 9 8 7 6 5 4 3 100 }
Class 50 -> {17 13 12 21 22 23 14 25 100 11 10 9 8 7 6 5 4 3 44 45 26 72 69 74 27 28 77 29 30 31 18 32 33 61 60 86 34 88 35 36 56 37 38 39 40 96 41 42 43 24 }
Class 51 -> {12 24 15 26 13 23 11 10 9 8 7 6 4 3 25 41 67 27 66 65 64 44 22 74 75 28 29 30 60 80 81 31 32 33 56 86 55 34 89 35 36 37 38 94 39 40 5 46 45 100 }
Class 52 -> {18 11 43 22 14 24 12 21 10 9 8 7 6 5 4 3 23 44 25 26 67 27 65 64 19 63 28 78 79 80 29 30 31 32 85 33 34 35 89 36 91 37 38 94 39 40 97 41 42 100 }
Class 53 -> {16 19 20 18 14 12 21 22 23 15 47 13 25 11 10 9 8 7 6 5 4 3 24 100 26 27 28 29 30 69 31 32 33 34 35 36 37 38 60 39 91 40 41 42 43 44 97 45 46 48 }
Class 54 -> {17 20 21 19 15 14 22 23 24 16 26 25 13 12 10 9 8 7 6 5 4 47 48 27 28 29 30 31 32 33 34 35 36 84 63 37 38 39 40 11 58 41 93 42 43 44 45 46 3 1 }
Class 55 -> {17 18 14 21 12 23 24 16 46 13 26 11 10 9 8 6 5 4 3 25 47 28 27 71 29 30 31 32 33 80 34 19 35 63 36 15 37 38 39 58 40 41 93 42 7 43 44 51 45 100 }
Class 56 -> {13 15 25 100 11 10 9 7 6 3 23 42 26 27 65 66 67 24 28 22 29 45 73 74 75 30 31 32 33 80 81 16 34 35 36 12 37 38 39 8 91 92 40 47 5 96 97 4 41 72 }
Class 57 -> {23 21 22 20 18 47 26 8 28 19 7 17 16 15 14 13 12 11 27 10 29 25 30 31 6 33 34 35 36 37 5 4 39 40 41 42 3 44 45 46 9 48 91 80 70 32 38 60 43 50 }
Class 58 -> {20 24 19 26 21 28 9 29 18 17 10 15 11 12 8 13 23 7 30 93 31 6 32 33 34 35 36 37 38 5 39 4 3 42 43 14 45 87 85 84 16 78 70 27 66 63 54 40 41 1 }
Class 59 -> {17 16 19 20 18 13 12 21 22 23 15 47 25 11 10 9 8 7 6 5 4 3 24 48 26 27 72 28 29 30 31 32 33 34 35 14 36 37 38 90 91 39 40 41 42 43 44 45 46 100 }
Class 60 -> {19 20 18 14 12 21 22 23 15 26 27 11 10 9 8 7 6 5 4 3 25 46 73 45 28 29 24 30 31 32 33 34 35 64 36 37 61 13 59 38 57 39 40 41 53 42 97 43 44 50 }
Class 61 -> {22 19 17 18 15 21 12 23 25 16 47 14 27 11 10 9 8 6 5 4 3 26 48 28 29 72 30 24 70 69 31 20 32 33 34 35 36 37 13 38 39 40 41 42 7 43 44 45 46 100 }
Class 62 -> {20 19 16 18 13 10 21 47 15 26 12 24 9 8 7 6 5 4 3 25 48 27 28 29 30 23 22 78 79 31 32 33 83 34 17 35 36 14 37 38 11 39 40 41 42 43 44 45 46 100 }
Class 63 -> {17 20 21 19 14 13 22 23 24 16 27 26 12 11 10 9 8 6 5 4 3 25 47 28 46 29 71 30 31 32 33 34 35 36 37 15 38 39 40 41 42 43 93 55 7 54 44 52 45 100 }
Class 64 -> {13 25 26 11 31 24 23 22 21 20 16 12 18 100 32 10 9 35 36 37 38 39 8 94 15 7 6 4 42 43 3 17 45 19 81 75 68 30 66 65 33 34 40 41 52 51 5 2 47 73 }
Class 65 -> {26 22 12 11 10 9 8 7 6 25 40 27 28 63 64 66 67 68 29 30 39 56 73 20 75 31 32 33 79 80 81 16 52 51 34 35 36 37 46 90 38 44 43 94 5 4 3 98 99 100 }
Class 66 -> {26 14 19 12 11 10 8 7 5 25 41 27 28 58 29 65 67 22 56 20 30 31 17 74 75 32 52 78 79 80 81 51 33 34 35 86 36 9 37 38 6 92 93 39 95 96 4 98 3 100 }
Class 67 -> {27 21 22 28 29 10 19 18 17 11 12 9 14 100 91 8 31 32 7 34 35 36 37 38 6 40 4 3 99 42 86 13 45 15 82 81 16 79 20 65 62 30 33 39 5 2 49 98 41 73 }
Class 68 -> {12 14 25 10 4 30 15 23 22 21 20 16 11 17 6 31 9 3 34 35 36 8 37 38 39 7 40 5 41 42 43 18 70 19 24 75 46 66 29 64 32 56 52 2 96 73 94 74 33 100 }
Class 69 -> {18 16 17 14 20 11 22 23 15 25 12 24 10 9 8 7 6 5 4 3 46 47 26 72 27 28 77 29 30 31 19 32 33 34 35 61 13 36 37 38 91 39 40 41 42 43 44 45 99 50 }
Class 70 -> {6 18 21 22 19 26 9 17 16 15 14 13 25 11 27 5 29 30 95 94 31 32 33 34 35 36 91 37 38 39 40 4 3 42 43 10 12 45 86 80 77 74 72 69 68 24 28 41 49 100 }
Class 71 -> {18 23 17 25 26 19 27 28 16 15 7 14 13 12 11 10 6 8 24 29 30 31 5 32 33 34 35 94 36 37 38 4 39 40 3 99 42 43 44 9 46 84 93 78 69 63 55 52 41 1 }
Class 72 -> {21 19 17 18 14 20 11 22 23 15 47 12 26 10 9 8 7 6 5 4 3 25 48 27 28 29 24 30 31 32 33 34 35 36 16 37 38 13 61 39 40 92 41 57 42 43 44 45 46 50 }
Class 73 -> {95 17 1 34 89 88 91 87 23 24 25 86 27 85 29 30 81 84 83 82 70 50 68 67 75 66 64 78 56 45 41 33 32 31 28 26 22 21 20 19 16 15 13 12 7 96 5 98 4 100 }
Class 74 -> {9 10 8 20 25 22 27 21 7 19 18 17 16 15 14 26 12 100 92 29 30 6 32 5 34 35 36 37 38 39 4 3 42 43 44 11 46 13 77 75 23 68 28 94 31 96 33 40 41 73 }
Class 75 -> {14 25 23 11 10 9 7 6 4 3 24 41 26 27 64 65 66 67 68 28 29 22 30 73 20 76 19 78 79 31 81 56 32 33 34 52 51 35 89 36 37 8 38 94 39 5 45 98 44 100 }
Class 76 -> {19 16 22 12 24 26 17 28 25 11 10 9 7 6 5 4 3 27 46 29 30 67 66 45 65 31 32 33 20 34 35 36 37 15 85 14 87 13 57 56 38 39 8 40 41 42 43 98 44 100 }
Class 77 -> {25 23 9 21 20 26 8 22 7 28 19 10 17 16 15 14 13 27 11 6 47 29 30 31 32 33 5 4 36 37 38 39 3 41 42 43 44 45 12 74 90 18 24 72 70 69 34 35 40 50 }
Class 78 -> {100 7 6 30 20 28 18 16 9 14 13 12 29 10 31 32 33 34 35 36 4 58 46 37 5 56 38 39 79 40 94 19 52 17 3 41 42 43 44 11 45 15 8 81 80 75 74 25 51 23 }
Class 79 -> {25 23 26 11 29 24 31 32 21 20 12 18 17 16 30 15 47 33 34 35 7 36 37 38 39 10 40 41 6 5 43 44 4 46 3 13 73 14 19 22 75 92 49 27 28 56 42 45 2 100 }
Class 80 -> {18 19 16 21 14 23 24 17 29 15 27 13 12 11 10 6 5 4 3 26 47 30 28 46 31 25 32 33 66 34 35 36 37 38 60 39 40 88 57 56 41 42 9 8 7 43 44 45 2 100 }
Class 81 -> {12 24 17 26 14 23 11 10 9 8 7 6 3 25 100 65 66 67 64 27 28 45 29 73 30 75 76 31 78 32 33 56 34 15 35 13 36 37 89 51 38 39 40 94 41 5 4 98 42 43 }
Class 82 -> {17 18 15 20 11 22 23 16 25 12 24 10 9 8 7 6 5 4 3 46 47 26 27 69 28 29 30 31 32 33 34 35 36 14 85 13 59 88 37 90 91 38 39 40 41 42 43 44 45 100 }
Class 83 -> {20 18 19 16 21 13 23 24 17 26 14 25 12 11 10 9 7 6 4 3 47 48 27 71 28 29 30 31 32 33 34 63 35 84 36 15 37 38 39 40 91 41 42 8 43 44 5 45 46 100 }
Class 84 -> {21 45 18 7 22 30 20 28 17 15 14 13 12 10 25 8 31 32 29 33 27 6 34 35 60 36 5 37 38 19 80 39 4 16 40 41 3 43 11 44 91 9 1 93 71 63 58 54 42 46 }
Class 85 -> {18 19 15 13 23 24 16 28 14 25 12 11 9 8 7 5 3 27 100 29 30 26 72 46 66 31 32 77 21 33 62 34 17 35 36 37 87 88 38 39 40 10 41 42 43 6 44 4 45 47 }
Class 86 -> {17 18 12 10 21 45 15 25 22 9 8 7 6 5 4 3 23 100 27 26 28 24 29 30 31 32 33 34 35 79 16 59 82 14 13 36 11 37 38 90 91 92 39 94 40 41 42 43 44 46 }
Class 87 -> {19 14 11 24 25 16 27 12 22 10 9 8 7 5 4 3 26 46 28 29 30 31 23 32 21 33 34 35 17 79 36 15 58 13 37 85 38 88 39 40 91 41 42 94 95 6 51 43 44 100 }
Class 88 -> {22 21 19 46 17 25 20 28 18 29 16 15 7 13 8 12 5 11 100 4 30 95 31 32 3 34 35 36 37 99 39 40 41 42 43 44 45 9 23 10 87 85 14 6 26 27 67 33 38 47 }
Class 89 -> {17 18 15 20 13 23 46 16 26 14 24 12 11 10 9 8 6 5 3 25 47 27 28 29 30 22 31 65 32 33 62 81 34 35 36 85 37 38 39 40 41 42 7 43 44 4 97 98 45 100 }
Class 90 -> {16 17 14 20 12 22 23 15 26 24 11 10 9 8 6 5 4 3 25 46 70 27 28 49 67 29 30 31 19 79 32 33 82 34 35 36 86 13 37 89 38 39 40 41 7 42 43 44 45 100 }
Class 91 -> {19 15 11 44 23 16 25 22 10 9 8 7 5 4 3 24 45 27 26 69 28 29 30 31 74 32 33 34 18 59 35 36 82 14 13 12 86 37 38 39 90 92 40 41 6 96 42 43 49 100 }
Class 92 -> {15 16 13 18 11 21 22 14 26 12 24 10 9 8 7 6 5 4 3 23 100 70 25 45 74 27 76 28 29 30 19 31 32 33 34 35 36 37 38 39 56 40 41 94 42 43 44 2 99 46 }
Class 93 -> {16 17 14 20 12 22 23 15 26 13 25 10 9 8 7 6 5 4 3 24 46 71 27 45 28 29 30 31 32 19 80 33 63 83 84 34 35 36 37 58 11 38 39 55 40 41 42 43 44 100 }
Class 94 -> {15 22 13 12 10 9 6 3 25 100 27 28 62 29 64 30 66 67 68 23 56 55 31 32 74 75 18 52 78 79 33 2 34 83 35 85 36 87 11 46 45 8 92 7 37 96 5 4 38 41 }
Class 95 -> {20 18 16 17 14 19 13 22 23 15 25 24 12 11 9 8 7 5 4 3 47 48 26 27 28 29 30 21 31 32 33 34 35 36 37 85 38 87 88 39 40 10 41 42 43 6 44 45 46 100 }
Class 96 -> {19 16 21 15 23 24 17 27 25 14 13 12 10 9 7 6 3 26 46 28 70 68 29 45 74 30 31 32 33 34 35 36 59 37 38 56 39 40 11 41 42 8 92 51 43 5 4 98 44 100 }
Class 97 -> {21 22 19 24 18 47 27 20 29 30 17 16 15 14 13 12 8 11 28 9 26 31 32 33 6 35 36 37 5 4 38 39 40 41 42 43 7 3 44 45 46 10 50 89 86 34 61 60 53 48 }
Class 98 -> {21 18 14 13 22 23 45 15 26 24 12 11 10 9 8 7 6 5 3 25 100 27 28 29 67 75 30 65 20 31 80 81 32 33 34 35 36 37 38 56 39 40 92 41 42 51 43 4 44 46 }
Class 99 -> {11 27 21 29 10 100 31 20 19 18 17 16 15 8 14 32 33 9 34 35 7 37 91 6 38 5 39 40 41 88 42 4 43 44 13 24 84 12 79 22 23 25 30 66 36 58 56 51 3 47 }
Class 100 -> {17 13 12 20 21 22 14 26 24 11 10 9 8 7 6 5 4 3 23 99 27 25 45 73 68 28 76 66 29 79 80 30 31 62 32 33 34 35 36 37 38 39 92 40 52 41 42 43 44 46 }
